categories =  {
	pti = {
		type = pti
		terrain_override = {
			1580 3973 3974 3981 3982
		}
	}

	ocean = {
		color = { 255 255 255 }

		sound_type = sea
		is_water = yes

		movement_cost = 1.0
	}

	inland_ocean = {
		color = { 0 0 200 }

		sound_type = sea
		is_water = yes
		inland_sea = yes

		movement_cost = 1.0
	}	

	glacier = {
		color = { 235 235 235 }

		sound_type = desert

		defence = 1
		movement_cost = 1.25
		supply_limit = 4		
		local_development_cost = 0.5
		nation_designer_cost_multiplier = 0.75		
		
		terrain_override = {		
		}
	}
	
	forest = {
		color = { 31 116 16 }

		type = forest
		sound_type = forest
		
		movement_cost = 1.25
		defence = 1
		combat_width = -0.20
		supply_limit = 4
		local_development_cost = 0.2
		nation_designer_cost_multiplier = 0.9
		
		terrain_override = {
			794 823 1091 1794 2232 2808 3315 3317 3318 3324
			3346 3347 3348 3349 3350 3390 3391 3392 3393 3394
			3395 3396 3397 4277 4279 4280 4281 5812 5813 5814
			5815 5816 5817 5818 5821 5822 5823 5824 5825 5826
			5827 5829 5830 5897 5898 5899 5900 5952
		}                                      
	}

	farmlands = {
		color = { 179 255 64 }

		type = plains
		sound_type = plains

		movement_cost = 1.10
		local_development_cost = -0.05
		supply_limit = 10
		allowed_num_of_buildings = 1
		nation_designer_cost_multiplier = 1.05
		
		terrain_override = {
			5 13 14 16 22 29 34 37 38 45 46 51 54 55 58 64 65 70 71 72 79 86 89 90 92
			94 96 98 103 109 113 115 117 119 120 122 124 126 131 151 166 177 183 193
			223 227 235 258 262 265 278 279 280 308 314 317 323 329 332 337 351
			354 402 409 411 429 440 442 444 472 477 479 483 492 493 495 497 498 499
			500 501 502 504 512 513 522 527 548 550 559 564 576 582 593 605 607 610 615
			617 618 627 631 635 640 649 654 657 660 672 693 698 701 710 712 720
			722 731
			741 748 751 753 760 764 765 781 783 785 786 793 799 805 806 808 809 811 844
			854 874 884 892 903 904 905 911 913 916 918 929 930 932 934 952 953
			955 972 974 1012 1028 1030 1031 1034 1036 1037 1038 1043 1048 1057
			1059 1062 1071 1075 1084 1097 1099 1100 1101 1102 1103 1119 1123 1124 1137
			1138 1154 1165 1166 1172 1177 1180 1182 1183 1191 1197 1200 1201 1207 1208
			1214 1216 1242 1252 1253 1254 1258 1276 1284 1287 1288 1744 1745 1747 1757
			1758 1759 1762 1771 1776 1782 1785 1786 1787 1792 1799 1801 1810 1818 1825
			1826 1832 1835 1837 1843 1844 1846 1848 1862 1869 1870 1871 1875 1877 1880
			1881 1930 1933 1936 1943 1945 1949 1951 1959 1960 1962 1966 1969 1970 1979
			1983 1986 1988 1993 1997 2004 2005 2010 2015 2017 2019 2030 2031 2034 2036
			2041 2056 2063 2091 2103 2115 2131 2135 2136 2156 2161 2168 2169 2172 2173
			2177 2181 2184 2192 2193 2195 2200 2206 2207 2216 2233 2235 2237 2256 2259
			2266 2268 2281 2295 2300 2301 2303 2311 2322 2326 2331 2338 2350 2352 2357
			2358 2369 2370 2376 2398 2424 2427 2428 2428 2431
			2444 2454 2458 2459 2484 2485 2497 2499 2500 2509 2518 2545 2555 2578 2579
			2582 2585 2586 2591 2601 2607 2609 2610 2615 2621 2633 2640 2651 2652 2654
			2656 2659 2672 2698 2706 2707 2708 2727 2729 2730 2731 2742 2759 2766 2769
			2784 2803 2818 2821 2831 2847 2856 2861 2869 2886 2894 2897 2898 2913 2914
			2917 2918 2922 2930 2946 2956 2962 2964 2967 2978 2979 2985 2988 2990 2994
			2995 3002 3007 3008 3010 3191 3196 3211 4020 4021 4022 4023 4024 4025 4039 4040 4042
			4045 4046 4047 4052 4060 4074 4078 4079 4081 4082 4084 4085 4087 4088 4090
			4091 4096 4105 4107 4110 4111 4113 4119 4121 4122 4129 4227 4248 4283 4291
			4292 4502 4503 4504 4507 4516 4518 4521 4524 4525 4526 4527 4528 4531 4545
			4549 4551 4555 4819 4822 4821 4851 4885 4886 4892 4893 4905 5132 5133 5139
			5151 5152 5176 5177 5181 5184 5188 5190 5191 5193 5195 5198 5200 5237 5238
			5239 5242 5243 5268 5298 5337 5351 5388 5392 5393 5394 5398 5399 5400 5401
			5403 5404 5405 5407 5408 5411 5432 5457 5458 5459 5460 5461 5467 5472 5473
			5474 5475 5484 5505 5510 5571 5573 5609 5610 5614 5615 5622 5623 5629 5630
			5631 5632 5634 5640 5641 5642 5643 5644 5646 5647 5648 5649 5673 5674 5675
			5676 5678 5679 5682 5685 5686 5689 5690 5691 5692 5693 5703 5704 5705 5706
			5707 5708 5909 5910 5920 5923 5925 5954 5955 5988 5989 5991 5992 5993 5994
			5995 5996 5999 6000 6344
		}		
	}

	highlands = {
		color = { 176 129 21 }

		type = hills
		sound_type = mountain
		
		combat_width = -0.25
		supply_limit = 6
		movement_cost = 1.40
		defence = 1
		local_defensiveness = 0.1
		local_development_cost = 0.2
		nation_designer_cost_multiplier = 0.9	

		terrain_override = {
			9 28 68 80 197 198 220 290 321 353 403 416 422 423 443 457 458 459 471
			511 517 529 530 533 554 557 558 562 563 565 568 601 619 639 643 650
			651 652 655 674 689 700 721 726 738 755 757 768 772 777 778 803 870
			872 899 921 939 961 966 969 979 1106 1108 1186 1187 1192 1193 1221 1247
			1371 1689 1800 1803 1806 1812 1814 1817 1836 1947 1968 1984 1995 2027 2044
			2045 2060 2064 2070 2080 2081 2083 2089 2096 2109 2111 2116 2117 2127 2144 2166
			2180 2202 2244 2282 2296 2298 2333 2337 2351 2353 2356 2364 2368 2371 2373
			2413 2414 2437 2453 2479 2486 2487 2531 2533 2580 2584 2608 2625 2673 2714
			2715 2719 2739 2786 2792 2817 2820 2838 2850 2866 2867 2872 2877 2881 2941
			2959 2974 2989 2992 3026 3027 3028 3029 3030 3031 3032 3033 3051 3053 3054
			3055 3056 3057 3058 3059 3060 3061 3071 3072 3073 3074 3075 3076 3077 3078
			3079 3080 3108 3128 3129 3130 3131 3132 3190 4026 4086 4313 4314 4315 4357
			4371 4371 4372 4373 4375 4378 4379 4394 4396 4397 4399 4410 4412 4433 4436
			4442 4474 4487 4535 4537 4538 4539 4540 4563 4713 4714 4715 4906 4909 4913
			4914 5130 5143 5145 5148 5149 5154 5155 5169 5170 5171 5172 5316 5317 5318
			5319 5320 5324 5327 5328 5329 5335 5341 5342 5344 5346 5347 5356 5357 5358
			5368 5369 5370 5382 5383 5387 5396 5435 5454 5455 5456 5462 5465 5466 5468
			5469 5470 5471 5485 5495 5498 5499 5500 5514 5515 5516 5517 5518 5522 5544
			5546 5548 5565 5566 5568 5577 5953 5957 5971 5987
		}
	}
	
	hills = {
		color = { 113 176 151 }

		type = hills
		sound_type = mountain

		movement_cost = 1.40
		defence = 1
		local_defensiveness = 0.1
		local_development_cost = 0.25
		combat_width = -0.25
		nation_designer_cost_multiplier = 0.85
		supply_limit = 5
		
		terrain_override = {
			93 104 107 111 167 172 185 201 204 215 217 228 236 238 244 245 253 350 384
			386 387 388 395 399 420 453 461 481 482 486 490 494 496 506 510 514 515 516
			532 534 541 544 549 555 560 561 571 578 591 602 637 642 644 646 660 661 667
			677 686 708 714 718 723 727 728 730 733 739 758 792 796 810 829 898 912 941
			946 956 970 982 991 992 1008 1009 1018 1020 1023 1025 1033 1035 1051 1052
			1064 1066 1068 1074 1087 1089 1093 1095 1096 1111 1115 1117 1127 1131 1150
			1156 1195 1198 1245 1273 1280 1283 1285 1291 1756 1783 1791 1793 1798 1805
			1808 1815 1821 1830 1833 1834 1839 1847 1860 1882 1996 2020 2023 2033 2037
			2038 2039 2040 2042 2047 2053 2058 2066 2073 2086 2087 2092 2094 2095 2098
			2108 2118 2119 2120 2123 2146 2149 2150 2165 2167 2175 2187 2191 2211 2220
			2222 2231 2245 2248 2251 2260 2275 2276 2284 2286 2291 2297 2329 2330 2355
			2360 2363 2388 2390 2391 2433 2434 2436 2448 2526 2553 2558 2560 2567 2581
			2595 2597 2600 2613 2703 2717 2722 2723 2724 2725 2751 2773 2793 2801 2806
			2809 2836 2839 2840 2841 2842 2846 2880 2952 2980 2987 3377 3378 3380 4027 4029 4030
			4032 4056 4061 4065 4072 4076 4094 4127 4293 4294 4297 4298 4299 4306 4327
			4331 4332 4348 4352 4353 4356 4364 4366 4376 4377 4387 4400 4405 4413 4414
			4446 4447 4448 4449 4453 4454 4455 4465 4506 4508 4511 4512 4517 4520 4522
			4532 4542 4550 4795 4799 4803 4862 4863 4868 4883 5131 5135 5137 5138 5179
			5196 5294 5330 5334 5348 5350 5360 5362
			5363 5364 5365 5366 5367 5371 5374 5377 5378 5414 5439 5440 5441 5443 5444
			5512 5525 5527 5528 5532 5536 5540 5551 5553 5554 5556 5557 5558 5559 5561
			5562 5563 5564 5567 5569 5570 5578 5590 5593 5595 5600 5653 5654 5655 5659
			5660 5661 5662 5663 5664 5665 5666 5667 5668 5669 5670 5671 5672 5922 5929
			5956
		}
	}

	woods = {
		color = { 41 155 22 }

		type = forest
		sound_type = forest

		movement_cost = 1.10
		defence = 1
		local_development_cost = 0.15
		combat_width = -0.20
		nation_designer_cost_multiplier = 0.9
		supply_limit = 6
		
		terrain_override = {
			3 6 7 8 10 11 12 17 18 24 25 39 40 41 43 49 52 56 57 59 60 61 63 66 75 77
			78 81 82 87 88 91 99 105 114 121 123 125 127 129 135 138 140 141 143 144 150
			153 154 155 156 157 158 161 163 189 203 206 208 212 216 218 221 222 225 229
			232 233 234 240 241 242 248 250 252 256 259 261 263 269 270 272 273 274 275
			276 277 281 285 291 292 293 294 298 302 304 306 315 324 331 333 334 335 339
			344 347 357 358 369 373 374 376 377 387 390 391 394 397 406 410 415 417 420
			421 424 430 434 447 450 452 454 460 463 464 466 467 468 469 478 486 526 531
			535 536 539 543 575 585 587 588 589 592 608 609 620 626 629 632 633 636
			656 670 675 678 690 691 705 712 740 747 766 770 771 773 774 787 802 825 827
			828 830 831 832 834 839 841 842 843 845 848 851 852 853 855 857 859 861 862
			865 866 867 875 877 878 879 880 882 883 888 893 894 895 897 907 908 909 920
			922 931 937 940 945 950 958 963 980 1011 1032 1046 1055 1061 1069 1080 1104
			1107 1110 1125 1129 1140 1145 1147 1149 1162 1174 1175 1190 1196 1203 1213
			1217 1218 1222 1223 1226 1227 1228 1229 1232 1267 1268 1269 1270 1271 1277
			1278 1281 1282 1289 1318 1742 1743 1749 1752 1753 1755 1761 1766 1767 1770
			1772 1773 1775 1780 1789 1795 1809 1816 1827 1831 1841 1849 1853 1855 1856
			1857 1859 1861 1863 1866 1868 1878 1935 1937 1938 1940 1941 1942 1944 1956
			1981 1982 1987 1990 2006 2008 2009 2011 2029 2043 2048 2074 2088 2125 2133
			2139 2157 2162 2163 2182 2198 2199 2201 2208 2211 2212 2219 2224 2228 2229
			2230 2238 2240 2243 2258 2272 2274 2289 2304 2306 2309 2310 2312 2314 2321
			2323 2327 2349 2396 2399 2401 2406 2407 2409 2412 2416 2423 2432 2442 2451
			2461 2462 2464 2466 2468 2469 2470 2474 2478 2481 2489 2490 2491 2493 2494
			2496 2501 2502 2504 2505 2506 2507 2508 2510 2511 2512 2514 2516 2520 2527
			2528 2532 2537 2538 2541 2542 2543 2552 2564 2566 2568 2572 2577 2593 2598
			2616 2617 2620 2623 2627 2628 2629 2630 2631 2632 2634 2635 2638 2641 2645
			2647 2648 2649 2650 2657 2661 2662 2663 2666 2667 2668 2680 2685 2691 2694
			2728 2732 2748 2752 2754 2765 2767 2768 2770 2771 2772 2774 2775 2776 2779
			2780 2783 2785 2790 2795 2796 2800 2805 2806 2807 2810 2815 2822 2833 2834
			2835 2852 2857 2858 2864 2874 2879 2884 2889 2890 2893 2899 2901 2909 2910
			2923 2925 2926 2928 2929 2931 2933 2935 2938 2939 2954 2955 2961 2965 2969
			2972 2973 2975 2981 2991 2998 2999 3016 3017 3018 3019 3020 3192 3194 3195
			3202 3204 3205 3207 3212 3213 3214 3218 3222 3319 3320 3321 3322 3323 3326
			3327 3328 3329 3330 4041 4043 4044 4054 4055
			4057 4059 4062 4063 4064 4066 4069 4070 4073 4098 4100 4101 4103 4106 4109
			4112 4118 4120 4126 4130 4131 4240 4243 4246 4275 4323 4324 4325 4328 4330
			4333 4451 4452 4509 4716 4718 4719 4721 4724 4725 4727 4728 4730 4805 4807
			4808 4809 4811 4812 4813 4814 4817 4818 4825 4828 4829 4830 4833 4834 4835
			4836 4837 4838 4839 4840 4841 4842 4843 4844 4845 4852 4853 4854 4855 4857
			4858 4860 4917 5157 5158 5159 5199 5246 5250 5251 5266 5267 5274 5295 5296
			5297 5322 5323
			5338 5339 5340 5379 5419 5420 5422 5424 5425 5431 5463 5464 5519 5520 5537
			5545 5549 5555 5574 5575 5576 5579 5580 5582 5584 5585 5588 5589 5591 5592
			5594 5596 5598 5599 5645 5650 5709 5710 5722 5723 5724 5725 5726 5727 5728 5729
			5730 5731 5732 5733 5736 5737 5738 5739 5740 5741 5742 5743 5744 5745 5746
			5747 5748 5750 5754 5755 5756 5757 5758 5759 5760 5761 5762 5763 5771 5772
			5773 5774 5775 5776 5778 5779 5780 5781 5784 5788 5789 5790 5793 5810 5811
			5819 5820 5901 5903 5908 5911 5912 5916 5928 5933 5934 5935 5941 5942 5946
			5947 5938 5939 5940 5946 5947 5948 5949 5950 5965 5966 5967 5968 5969 5970
			5972 5973 5974 5975 5976 5977 5978 5979 5780 5981 5982 5983 5984 5985 6044
			6045
		}
	}

	coastline = {
		color = { 49 175 191 }

		sound_type = sea

		movement_cost = 1.0
		local_development_cost = 0.25
		nation_designer_cost_multiplier = 0.85		
		supply_limit = 6 
		
		terrain_override = {
			102 112 136 303 305 319 361 383 401 404 473 474 475 556 597 599 622 623 624
			630 641 653 716 784 926 978 1044 1050 1088 1850 1852 1865 2078 2102 2189
			2190 2277 2335 2339 2341 2342 2346 2347 2367 2418 2420 2421 2606 2674 2677
			2678 2679 2683 2684 2686 2700 2701 2702 2709 2710 2711 2712 2788 2873 3083
			5240 5325 5326 5380 5381
		}
	}	

	marsh = {
		color = { 13 189 130 }

		type = marsh
		sound_type = forest

		movement_cost = 1.3
		defence = 1
		local_development_cost = 0.25
		combat_width = -0.25
		nation_designer_cost_multiplier = 0.85
		supply_limit = 5

		terrain_override = {
			15 85 286 322 484 676 790 954 1266 1842 2003 2107 2188 2317 2535 2596
			2612 2689 2734 3286 3287 3289 3290 3291 3292 3293 3294 3295 3296 3297
			3298 3299 3300 3301 3302 3303 3304 3305 3306 3307 3308 3331 4093 4235
			4236 4239 4241 4242 4247 4267 4268 4269 4270 4271 4272 4273 4274 4276
			4282 4284 4289 4290 5355 5601 5711 5712 5713 5714 5715 5716 5717 5718
			5719 5720 5721 5902 5904 5926
		}
	}
	
	mountain = {
		color = { 105 24 4 }

		type = mountains
		sound_type = mountain

		movement_cost = 1.5
		defence = 2
		local_defensiveness = 0.25
		local_development_cost = 0.5
		combat_width = -0.50
		nation_designer_cost_multiplier = 0.75
		supply_limit = 4
		
		terrain_override = {
			488 508 525 577 612 614 638 668 849 890 1008 2374 2387 2403 2865 2924 4426
			4430 4431 4432 4434 4435 4437 4439 4440 5511 5531
		}
	}

	impassable_mountains = {
		color = { 128 128 128 }

		sound_type = desert

		movement_cost = 8.0
		defence = 6
		local_development_cost = 10		
	}

	grasslands = {
		color = { 130 255 47 }

		type = plains
		sound_type = plains

		movement_cost = 1.0
		supply_limit = 8
		allowed_num_of_buildings = 1
		nation_designer_cost_multiplier = 1
		
		terrain_override = {
			170 378 386 419 470 743 863 942 943 944 1234 1802 1807 2051 2054 2160
			2265 2599 2951 3288 3309 3352 3370 3371 3372 3374 4028 4068 4238 4295
			4335 4349 4355 4445 4455 4456 4467 4827 4831 4832 5426 5427 5428 5765
			5766 5767 5768 5777
		}
	}

	jungle = {
		color = { 98 163 18 }

		type = jungle
		sound_type = jungle

		movement_cost = 1.5
		defence = 1
		local_development_cost = 0.35
		combat_width = -0.25
		nation_designer_cost_multiplier = 0.8
		supply_limit = 5
		
		terrain_override = {
		}
	}	
	
	desert = {
		color = { 242 242 111 }

		type = desert
		sound_type = desert

		movement_cost = 1.05
		supply_limit = 4
		local_development_cost = 0.35
		nation_designer_cost_multiplier = 0.8
		
		terrain_override = {
			3791 3794 3795 3796 3797 3798 3799
		}
	}
	
	coastal_desert = {
		color = { 255 211 110 }

		type = desert
		sound_type = desert

		movement_cost = 1.0
		local_development_cost = 0.25
		nation_designer_cost_multiplier = 0.9		
		supply_limit = 4

		terrain_override = {
		}	
	}
	
	drylands = {
		color = { 232 172 102 }		

		type = plains
		sound_type = plains

		movement_cost = 1.00
		local_development_cost = 0.05
		nation_designer_cost_multiplier = 0.95
		supply_limit = 7
		allowed_num_of_buildings = 1

		terrain_override = {
			1 2 74 191 264 267 312 356 385 425 465 570 580 586 590 666 692 697 702 704
			761 767 769 789 801 821 824 924 925 984 1017 1053 1153 1202 1206 1220 1225
			1230 1436 1867 1946 1974 2106 2134 2138 2159 2164 2183 2186 2318 2336 2344
			2522 2549 2570 2576 2583 2587 2639 2669 2670 2693 2755 2782 2791 2813 2819
			2854 2882 2920 2932 2968 3034 3035 3036 3037 3038 3039 3040 3041 3042 3043
			3044 3045 3046 3047 3048 3049 3050 3052 3057 3063 3064 3065 3066 3067 3068
			3069 3070 3081 3082 3109 3110 3111 3112 3113 3114 3115 3116 3117 3118 3119
			3120 3121 3122 3123 3124 3125 3126 3127 3763 3785 3786 3787 3788 3789 3790
			3792 3793 3806 4316 4317 4318 4319 4393 4403 4406 4407 4408 4409 4411 4415
			4416 4417 4418 4419 4420 4421 4422 4423 4424 4425 4427 4428 4429 4438 4441
			4443 4463 4466 4469 4472 4473 4475 4479 4480 4485 4486 4884 5281 5283 5541
		}		
	}

	savannah = {
		color = { 248 199 23  }

		sound_type = plains

		supply_limit = 6
		movement_cost = 1.00
		local_development_cost = 0.15
		nation_designer_cost_multiplier = 0.95	
		
		terrain_override = {
		}		
	}
	
	steppe = {
		color = { 147 200 83  }

		type = plains
		sound_type = plains

		movement_cost = 1.00
		local_development_cost = 0.20
		nation_designer_cost_multiplier = 0.9	
		supply_limit = 6
		
		terrain_override = {
			3091 3092 3093 3094 3095 3096 3097 3098 3099 3100
    		3101 3102 3103 3104 3105 3106 3107 3133 3134 3135
    		3693 3714 3715 3716 3717 3718 3719 3720 3721 3722
    		3723 3724 3725 3726 3727 3728 3783
		}	
	}	
}
	
##################################################################
terrain = {
	grasslands			= { type = grasslands		color = { 	0	 } }
	hills				= { type = hills			color = { 	1	 } }
	desert_mountain		= { type = mountain			color = { 	2	 } }
	desert				= { type = desert			color = { 	3	 } }
	plains				= { type = grasslands		color = { 	4	 } }
	terrain_5			= { type = grasslands		color = { 	5	 } }
	mountain			= { type = mountain			color = { 	6	 } }
	desert_mountain_low	= { type = desert			color = { 	7	 } }
	terrain_8			= { type = hills			color = { 	8	 } }
	marsh				= { type = marsh			color = { 	9	 } }
	terrain_10			= { type = farmlands		color = { 	10	 } }
	terrain_11			= { type = farmlands		color = { 	11	 } }
	forest_12			= { type = forest			color = { 	12	 } }
	forest_13			= { type = forest			color = { 	13	 } }
	forest_14			= { type = forest			color = { 	14	 } }
	ocean				= { type = ocean			color = { 	15	 } }
	snow				= { type = mountain 		color = { 	16	 } }
	inland_ocean_17 	= { type = inland_ocean		color = {	17	 } }
	coastal_desert_18	= { type = coastal_desert	color = { 	19	 } }
	coastline			= { type = coastline		color = { 	35	 } }
	savannah			= { type = savannah 		color = {	20	 } }
	drylands			= { type = drylands			color = {	22	 } }
	highlands			= { type = highlands		color = {	23	 } }
	dry_highlands		= { type = highlands		color = {	24	 } }
	woods				= { type = woods			color = { 	255	 } }
	jungle				= { type = jungle			color = { 	254	 } }
	terrain_21			= { type = farmlands		color = { 	21	 } }	
}
tree = {
	forest				= { terrain = forest 			color = { 	3 4 6 7 19 20 } }
	woods				= { terrain = woods 			color = { 	2 5 8 18	  } }
	jungle				= { terrain = jungle 			color = { 	13 14 15	  } }
	palms				= { terrain = desert 			color = { 	12			  } }
	savana				= { terrain = grasslands 		color = { 	27 28 29 30	  } }
}