tunis_node = {
	location = 1614
	color = { 146 134 57 }
	outgoing = {
		name = "napoli_node"
		path = { 1730 1720 1546 1708 1642 }
		control = {}
	}
	outgoing = {
		name = "barcelona_node"
		path = { 1613 1547 1728 1615 1740 1331 1955 }
		control = {}
	}
	members = {
		220 423 425 580 586 590 639 666 692 697 700 704 789 821 824 870 872
		899 924 925 939 984 1017 1153 1836 1946 1995 2106 2159 2164 2186 2298
		2479 2487 2522 2531 2549 2570 2576 2583 2587 2639 2673 2710 2755 2819
		2854 2932 4086 4556 4557 4558 4559 4560 4561 4562 4563 4564 4565 4566
		4567 4568 4569 4570 4571 4572 4573 4574 4575 4576 4577 4578 4579 4580
		4581 4582 4583 4584 4585 4586 4587 4589 4590 4591 4592 4593 4594 4595
		4596 4597 4598 4599 4600 4601 4602 4603 4604 4605 4606 4607 4608 4609
		4610 4611 4612 4613 4614 4615 4616 4617 4618 4619 4620 4621 4622 4623 
		4624 4625 4626 4627 4628 4629 4630 4631 4632 4633 4634 4635 4636 4637
		4638 4639 4640 4641 4642 4643 4644 4645 4646 4647 4648 4649 4650 4651 
		4652 4653 4654 4655 4656 4657 4658 4659 4660 4661 4662 4663 4664 4665 
		4666 4667 4668 4669 4670 4671 4672 4673 4674 4675 4676 4677 4678 4679 
		4680 4681 4682 4731 4732 4733 4734 4735 4736 4737 4738 4739 4740 4741 
		4742 4743 4744 4745 4746 4747 4748 4749 4750 4751 4752 4753 4754 4755 
		4756 4757 4758 4759 4760 4761 4762 4763 4764 4765 4766 4767 4768 4769 
		4770 4771 4772 4773 4774 4775 4776 4777 4778 4779 4780 4781 4782 4783 
		4784 4785 4786 4787 4788 4789 4790 4920 4921 4922 4923 4924 4925 4926 
		4927 4928 4929 4930 4931 4932 4933 4934 4935 4936 4937 4938 4939 4940 
		4941 4942 4943 5016 5017 5018 5019 5020 5021 5022 5023 5024 5025 5026 
		5027 5028 5029 5030 5031 5032 5033 5034 5035 5036 5037 5038 5039 5040 
		5041 5042 5043 5044 5045 5046 5047 5048 5049 5050 5051 5052 5054 5055 
		5056 5057 5058 5059 5060 5061 5062 5063 5064 5065 5066 5067 5068 5069 
		5070 5075 5076 5077 5078 5079 5080 5081 5082 5086 5087 5088 5089 5090 
		5091 5092 5093 5094 5095 5096 5097 5098 5099 5100 5101 5102 5103 5104 
		5105 5106 5107 5108 5109 5110 5111 5112 5113 5115 5116 5117 5118 5119 
		5120 5121 5122 5123 5124 5125 5126 5127 5128 5129 5919 5930 5960
	}
}

constantinople_node = {
	location = 1424
	color = { 149 45 102 }
	outgoing = {
		name = "kerkyra_node"
		path = { 2117 5335 2191 205 392 }
		control = {}
	}
	members = {
		19 57 68 352 355 356 383 401 570 573 582 594 597 599 663 716 717 1022 1045 1049
		1051 1052 1053 1054 1058 1059 1060 1062 1088 1421 1424 1427 1828 1952 2062 2102
		2182 2189 2233 2318 2339 2341 2342 2395 2397 2435 2446 2453 2472 2486 2674 2675
		2676 2678 2679 2682 2683 2684 2686 2747 2788 2813 2966 4286 4287 5285 5298 5299
		5300 5301 5302 5303 5304 5305 5306 5315 5326 5380 5381 5446 5447 5448 5449 5450
		5451 5452 5453 6344
		#New
		2144 2936 2944 2953 2983 3375 3377 3378 3380 3382 3383 3384 3385 4547 4552 4878
		4882 4884 5155 5167 5168 5178 5180 5183 5185 5187 5269 5275 5280 5281 5282 5283
		5284 5286 5287 5288 5289 5290 5291 5292 5293 5294 5295 5296 5297 5387 5412 5413
		5535 6343       
	}
}

kerkyra_node = {
	location = 624
	color = { 211 172 185 }
	outgoing = {
		name = "beograd_node"
		path = { 1066 2391 2390 2355 2066 2045 }
		control = {}
	}
	outgoing = {
		name = "ragusa_node"
		path = { 1416 1413 1418 2348 137 }
		control = {}
	}
	members = {
		389 392 400 404 503 565 581 591 595 596 600 601 603 611 612 614 622 623 624
		630 659 689 708 713 714 718 719 977 1063 1066 1082 1209 1215 1817 2066 2117 2150
		2190 2191 2193 2277 2322 2332 2335 2346 2347 2355 2371 2386 2387 2388 2390 2391
		2393 2394 2398 2403 2404 2677 2687 2688 2773 2786 2828 5319 5320 5321 5324 5325
		5327 5328 5329 5331 5332 5333 5334 5335 5341 5342 5343 5344 5345 5346 5347 5348
		5350 5370 5371 5382 5383 5445 5511 5512 5577
		#New
		5336 5337 5357 5360 5363 5362 5956 5366 5548 5359 5442 5364 5374 5365 5376 5330
		5373 5444 5929 5443 5375 5378 5377 5372 5367 5349
	}
}

napoli_node = {
	location = 1642
	color = { 100 50 150 }
	outgoing = {
		name = "roma_node"
		path = { 1624 2235 }
		control = {}
	}
	outgoing = {
		name = "ragusa_node"
		path = { 2033 2030 1176 2223 1634 1417 1418 2348 137 }
		control = {}
	}
	members = {
		431 433 435 436 488 523 524 525 528 531 551 555 556 559 560 564 566 637 638 682
		796 833 1089 1176 1179 1180 1182 1184 1188 1189 1642 1768 1877 2029 2030 2033
		2037 2040 2041 2042 2046 2049 2053 2055 2082 2087 2091 2094 2095 2097 2098 2149
		2216 2218 2220 2222 2223 2234 2297 2703 2709 2711 2865 2880 2950 2952 3191
		#New
		5173 4513 4509 4510 5173 4513 4514 5174 4511 4512 4515 4516 4517 4518 4519 4520
		4521 5175 5176 4506 4505 4508 4507 4504 4502 4503
	}
}

ragusa_node = {
	location = 137
	color = { 160 82 128 }
	outgoing = {
		name = "roma_node"
		path = { 2055 2222 2865 1786 2036 }
		control = {}
	}
	outgoing = {
		name = "budapest_node"
		path = { 533 2443 480 2433 1068 472 2369 2072 1076 441 444 }
		control = {}
	}
	outgoing = {
		name = "venice"
		path = { 1963 1631 1637 1645 1643 1646 484 1627 }
		control = {}
	}
	members = {
		133 137 271 303 305 318 461 470 473 474 475 480 507 511 533 534 535 557 598 677
		707 779 791 797 890 902 1065 1068 1079 1080 1081 1083 1780 1804 1815 1963 1964
		1972 2038 2044 2047 2060 2075 2076 2081 2085 2118 2119 2120 2214 2236 2340 2348
		2349 2367 2368 2379 2380 2418 2420 2421 2433 2436 2443 2521 2974
		#new
		5515 5516 5528 5525 553 2043 2039 5540 5527 5551 5519 5520 5549 5958 5542 5529
		5552 5553 5537 5554 5555 5569 5556 5439 5440 5441 5437 5438 5568 5566 5522 5531
		5560 5565 5435 5564 5563 5534 5532 5567 5558 5570 5561 5562 5559 5557 5434 5436
		5433 5423 5431 5424 5425 5418 5430 5429 5427 5428 5426
	}
}

venice={
	location = 1627
	color = { 54 167 156 }
	outgoing = {
		name = "vienna_node"
		path = { 1646 1647 954 129 670 958 945 1821 703 1816 665 2181 }
		control = {}
	}
	outgoing = {
		name = "innsbruck_node"
		path = { 485 1774 1830 489 1013 987 2174 }
		control = {}
	}
	outgoing = {
		name = "zurich_node"
		path = { 2103 2656 1020 110 1820 2269 4128 1873 175 211 2987 2246 2255 }
		control = {}
	}
	members = {
		110 111 112 113 129 130 169 464 469 484 485 487 729 731 943 946 947 954 1018
		1019 1020 1021 1235 1627 1769 1774 1797 1830 1862 1996 2103 2110 2187 2365 2654
		2655 2656 2659 2734 2901 2977 4127 4553 4554 4555 4868 4870 4876 5190 5193 5195
		5196 5198 5199 5200
	}
}

roma_node = {
	location = 2235
	color = { 211 220 178 }
	outgoing = {
		name = "pisa_node"
		path = { 1835 2706 2019 1024 117 1813 640 }
		control = {}
	}
	outgoing = {
		name = "genua"
		path = { 1353 1352 1618 }
		control = {}
	}
	members = {
		715 874 973 974 1023 1026 1031 1033 1048 1095 1098 1173 1779 1784 1786 1787 1801
		1805 1835 1837 1839 2018 2019 2034 2036 2105 2124 2129 2194 2235 2334 2422 2444
		2484 2485 2602 2603 2604 2605 2607 2610 2612 2706 2707 2708 2716 4522 4524 4525
		4526 4527 4541 5177
	}
}

pisa_node = {
	location = 640
	color = { 236 47 47 }
	inland=yes
	outgoing = {
		name = "genua"
		path = { 2022 2980 2226 2590 2740 2613 1619 }
		control = {}
	}
	outgoing = {
		name = "milan_node"
		path = { 2022 1025 106 648 499 }
		control = {}
	}
	members = {
		115 117 319 321 323 506 640 642 646 647 732 976 979 1024 1025 1028 1030 1247 1808
		1813 1843 1847 2022 2025 2077 2111 2226 2283 2296 2595 2600 2601 2705 2978 2980
		4528 4529 4530 4531 4532 4535
	}
}

lisbon_node = {
	location = 1135
	color = { 57 160 101 }
	outgoing = {
		name = "madrid_node"
		path = { 4459 2253 4460 4383 1211 446 4392 2178 4401 1208 }
		control = {}
	}
	outgoing = {
		name = "sevilla_node"
		path = { 4459 1126 4476 4389 1834 4420 1867 }
		control = {}
	}
	members = {
		312 496 644 690 728 740 742 743 744 1121 1126 1128 1135 1147 1234 2023 2243 2249
		2252 2253 2263 2264 2265 2344 2581 2593 2723 2724 2951 4323 4324 4325 4326 4327
		4328 4329 4330 4331 4332 4333 4444 4445 4446 4447 4448 4449 4450 4451 4452 4453
		4454 4455 4456 4457 4458 4459 4460 4461 4463 4464 4465 4467 4468 4469 4470 4471
		4472 4473 4476 4477 4478
	}
}

sevilla_node = {
	location = 1867
	color = { 120 188 31 }
	inland=yes
	outgoing = {
		name = "madrid_node"
		path = { 1202 4443 4418 4419 4393 4405 4482 4401 1208 }
		control = {}
	}
	members = {
		1 2 9 20 74 80 264 284 290 385 395 403 443 619 761 767 801 1202 1206 1212 1220
		1225 1230 1834 1867 1974 2138 2183 2333 2374 2503 2669 2670 2882 2920 2968 4384
		4385 4389 4393 4397 4400 4402 4403 4404 4405 4406 4412 4414 4415 4416 4417 4418
		4419 4420 4421 4422 4423 4424 4425 4426 4427 4428 4429 4430 4431 4432 4433 4434
		4435 4436 4437 4439 4440 4441 4442 4443 4462 4466 4479 4480 4487
	}
}

madrid_node = {
	location = 1208
	color = { 193 171 8 }
	inland=yes
	outgoing = {
		name = "barcelona_node"
		path = { 2777 4398 4399 990 4314 2052 1336 1955 }
		control = {}
	}
	outgoing = {
		name = "bordeaux_node"
		path = { 1236 1106 1221 4371 4375 1108 4029 4032 1366 1367 1363 }
		control = {}
	}
	members = {
		42 446 519 520 571 645 777 788 844 1008 1106 1108 1195 1208 1211 1221 1236 1237
		2109 2160 2178 2337 2599 2714 2718 2719 2720 2721 2722 2739 2777 2850 4028 4029
		4032 4094 4334 4335 4336 4337 4338 4339 4340 4341 4342 4343 4344 4345 4346 4347
		4348 4349 4350 4351 4352 4353 4354 4355 4356 4357 4358 4359 4360 4361 4362 4363
		4364 4365 4366 4367 4368 4369 4370 4371 4372 4373 4374 4375 4376 4377 4378 4379
		4380 4381 4382 4383 4386 4387 4388 4390 4391 4392 4394 4395 4396 4398 4399 4401
		4413 4474
	}
}

barcelona_node = {
	location = 1955
	color = { 213 132 76 }
	outgoing = {
		name = "marseille_node"
		path = { 1331 1701 1723 1330 2671 }
		control = {}
	}
	outgoing = {
		name = "bordeaux_node"
		path = { 1178 4030 567 2160 4094 2289 832 4068 4109 }
		control = {}
	}
	members = {
		191 237 267 313 432 465 515 516 521 567 653 668 702 711 738 769 784 849 871 917
		926 1109 1178 1181 1193 1219 1245 1370 1371 1396 1436 1689 1690 1788 1790 1791
		1793 1955 2024 2051 2052 2054 2134 2336 2597 2693 2701 2702 2782 2791 2792 2873
		2881 4026 4030 4076 4293 4294 4295 4296 4297 4298 4299 4300 4301 4302 4303 4304
		4305 4306 4307 4308 4309 4310 4311 4312 4313 4314 4315 4316 4317 4318 4319 4320
		4321 4322 4407 4408 4409 4410 4411 4438 4475 4485 4486
	}
}

marseille_node = {
	location = 2671
	color = { 93 160 163 }
	outgoing = {
		name = "genua"
		path = { 2558 1329 1453 1619 }
		control = {}
	}
	outgoing = {
		name = "besancon_node"
		path = { 991 1001 2231 2058 544 2565 982 2891 }
		control = {}
	}
	outgoing = {
		name = "tours_node"
		path = { 989 527 2924 1270 1269 2892 4053 1276 4074 4108 1175 2489 }
		control = {}
	}
	members = {
		200 201 202 228 286 306 386 387 388 391 394 420 486 527 532 544 545 546 550 800
		964 968 970 989 991 1001 1087 1152 1268 1269 1270 1283 1284 1285 1286 1291 1753
		1785 1939 1949 2050 2056 2058 2092 2211 2231 2286 2290 2329 2330 2551 2558 2671
		2894 2896 2906 2924 2903 2947 4027 4041 4050 4055 4056 4058 4061 4063 4065 4071
		4073
	}
}

genua={
	location = 1619
	color = { 218 215 56 }
	outgoing = {
		name = "milan_node"
		path = { 2560 493 1825 501 1818 }
		control = {}
	}
	members = {
		366 367 368 490 493 578 649 650 727 898 956 966 969 992 1006 1007 1009 1096 1111
		1127 1244 1619 1783 1800 1803 1806 1812 1814 1881 1986 2002 2010 2086 2108 2123
		2251 2262 2440 2559 2560 2562 2580 2584 2590 2608 2613 2740 2839 2992 4542 4543
		4544 4545 4550 5179 5922
	}
}

milan_node = {
	location = 1818
	color = { 166 108 146 }
	inland=yes
	outgoing = {
		name = "zurich_node"
		path = { 2291 1136 1118 1120 1131 1123 }
		control = {}
	}
	members = {
		104 106 107 109 492 494 499 500 501 648 730 972 1000 1012 1014 1136 1243
		1781 1782 1798 1818 1820 1825 1988 1989 2015 2104 2270 2291 2585 2589
		2713 2717 2725 2742 4548 4549 4551 4797 4799 4800 5181 5184 5186 5188 5189 5191
		5920 5921
	}
}

besancon_node = {
	location = 2990
	color = { 250 80 80 }
	inland=yes
	outgoing = {
		name = "champagne_node"
		path = { 2579 994 4048 1199 183 }
		control = {}
	}
	outgoing = {
		name = "zurich_node"
		path = { 2567 1156 2275 2245 2248 1123 }
		control = {}
	}
	outgoing = {
		name = "metz_node"
		path = { 985 189 32 30 869 2575 34 }
		control = {}
	}
	members = {
		193 427 504 526 541 749 752 759 765 906 981 982 983 985 988 994 1246 1263 1271
		1275 1754 1770 1965 2328 2338 2343 2392 2476 2565 2567 2569 2577 2579 2582 2778
		2793 2829 2830 2843 2845 2862 2885 2891 2892 2898 2902 2915 2916 2917 2922 2990
		4034 4036 4037 4038 4039 4040 4043 4045 4046 4047 4048 4053
	}
}

zurich_node = {
	location = 1123
	color = { 171 138 124 }
	inland=yes
	outgoing = {
		name = "konstanz_node"
		path = { 2257 1761 69 }
		control = {}
	}
	members = {
		165 171 173 175 196 210 211 213 214 840 910 1092 1093 1112 1115 1116 1117 1118
		1119 1120 1123 1124 1130 1131 1134 1137 1141 1142 1143 1146 1148 1150 1154 1155
		1156 1157 1158 1159 1160 1239 1249 1759 1771 1873 2014 2048 2237 2241 2245 2246
		2248 2254 2255 2257 2259 2260 2269 2273 2275 2276 2278 2279 2280 2281 2284 2287
		2288 2292 2475 2921 2987 4128 4791 4792 4793 4794 4795 4796 4801 4802 4803 4862
		4863 4864 4881
	}
}

vienna_node = {
	location = 2172
	color = { 220 220 220 }
	inland=yes
	outgoing = {
		name = "prague_node"
		path = { 680 2180 134 2866 2870 2848 781 }
		control = {}
	}
	members = {
		128 134 168 185 190 203 204 665 670 673 680 685 686 691 693 703 723 726 900 914
		915 942 944 945 958 1086 1094 1816 1821 1822 1829 1833 2137 2139 2140 2142 2145
		2146 2151 2157 2161 2168 2171 2172 2179 2180 2181 4883 4885 4886 4892 4893 4894
		4895 4896 4897 4899 5156 5157 5158 5159 5160 5414 5415 5416 5419 5420 5422 5953
		5955
	}
}

innsbruck_node = {
	location = 2174
	color = { 170 43 21 }
	inland=yes
	outgoing = {
		name = "augsburg_node"
		path = { 911 65 2956 }
		control = {}
	}
	members = {
		44 73 76 172 179 180 182 184 186 192 197 198 199 489 669 683 684 735 737 955 957
		987 1013 1072 1073 1824 1840 1845 2071 2112 2113 2147 2148 2152 2153 2174 2176
		2437 2513 2550 2554 2556 2557 2726 2735 2744 2745 2753 4114 4124 4230 4865 4866
		4871 4872 4873 4874 4877 4880 4898 5161 5162
	}
}

augsburg_node = {
	location = 2956
	color = { 30 198 141 }
	inland=yes
	outgoing = {
		name = "stuttgart_node"
		path = { 2326 2519 1999 70 1758 2458 }
		control = {}
	}
	outgoing = {
		name = "nurnberg_node"
		path = { 65 2525 2991 2542 2967 }
		control = {}
	}
	members = {
		64 65 71 79 87 88 89 103 119 194 195 357 358 609 671 679 733 901 903 904 905 911
		912 913 948 953 959 1037 1061 1744 1757 1762 2158 2175 2325 2326 2430 2431 2474
		2518 2519 2525 2545 2553 2555 2586 2672 2685 2956 2985 2991 4113
	}
}

konstanz_node = {
	location = 69
	color = { 18 59 138 }
	inland=yes
	outgoing = {
		name = "stuttgart_node"
		path = { 1761 2184 2994 1103 2458 }
		control = {}
	}
	members = {
		51 60 69 75 105 166 209 215 217 219 235 236 238 339 341 359 439 543 549 617 618
		631 632 698 699 701 720 952 962 1038 1196 1198 1745 1746 1761 1860 1863 1868 1869
		1870 1871 1875 1880 1882 2032 2136 2184 2449 2451 2454 2457 2473 2695 2751 2954
		2955 2969 2979 2981 2993
	}
}

stuttgart_node = {
	location = 2458
	color = { 111 162 128 }
	inland=yes
	outgoing = {
		name = "frankfurt_node"
		path = { 340 336 2462 335 163 1943 }
		control = {}
	}
	members = {
		46 47 58 62 70 72 84 86 93 94 96 120 122 123 124 125 126 268 337 340 350 351 354
		481 482 483 709 1034 1041 1071 1102 1103 1758 1826 1848 1872 1933 1999 2021 2450
		2455 2458 2459 2463 2529 2536 2727 2964 2982 2984 2994 4129
	}
}

nurnberg_node = {
	location = 2967
	color = { 243 112 15 }
	inland=yes
	outgoing = {
		name = "frankfurt_node"
		path = { 2544 2523 275 78 770 1943 }
		control = {}
	}
	outgoing = {
		name = "leipzig_node"
		path = { 2544 63 208 2858 232 }
		control = {}
	}
	members = {
		3 6 63 66 67 131 139 167 177 178 208 216 218 225 227 253 369 466 621 787 830 932
		937 938 941 949 950 951 1036 1064 1069 1070 1074 1129 1227 1743 1748 1851 1879
		1978 1979 1984 2011 2100 2432 2523 2524 2526 2542 2543 2544 2546 2547 2552 2680
		2733 2754 2771 2810 2957 2967
	}
}

frankfurt_node = {
	location = 1943
	color = { 243 201 33 }
	inland=yes
	outgoing = {
		name = "aachen_node"
		path = { 164 2468 23 1011 2006 2510 2997 2995 }
		control = {}
	}
	outgoing = {
		name = "lippstadt_node"
		path = { 164 334 2469 2506 82 279 }
		control = {}
	}
	members = {
		5 8 10 11 16 18 23 25 78 149 151 159 163 164 272 275 278 281 298 315 334 335 336
		342 343 344 346 347 762 770 1104 1764 1941 1942 1943 1981 2099 2385 2405 2406
		2460 2462 2464 2467 2468 2732 2752 2962 2986 4111 4122 4123 4125 4126
	}
}

metz_node = {
	location = 34
	color = { 165 192 255 }
	inland=yes
	outgoing = {
		name = "aachen_node"
		path = { 299 928 2516 888 2412 2995 }
		control = {}
	}
	outgoing = {
		name = "champagne_node"
		path = { 27 873 1776 4031 183 }
		control = {}
	}
	members = {
		27 29 30 31 32 33 34 35 36 37 38 132 189 265 273 274 289 292 293 294 295 297
		300 302 309 310 311 467 536 537 540 592 605 606 869 980 996 997 1752 1944 1945
		1958 1959 1960 1961 2035 2101 2376 2408 2447 2477 2480 2482 2483 2537 2568
		2572 2573 2574 2575 2665 2692 2749 2958 4115 4116 4117 5599
	}
}

aachen_node = {
	location = 2995
	color = { 157 51 167 }
	inland=yes
	outgoing = {
		name = "antwerp_node"
		path = { 285 2975 2527 2729 1672 }
		control = {}
	}
	members = {
		17 24 41 77 114 157 160 161 181 188 256 259 269 276 283 285 287 291 299 331
		771 873 888 893 894 895 909 919 920 922 928 1011 1016 1742 1760 1776 1841
		1859 1878 1930 1938 1951 2006 2008 2407 2411 2412 2424 2488 2502 2510 2511 2514
		2515 2516 2528 2530 2532 2534 2598 2620 2728 2963 2995 2997 4112 5947
	}
}

beograd_node = {
	location = 588
	color = { 116 107 140 }
	inland=yes
	outgoing = {
		name = "budapest_node"
		path = { 2027 2080 552 2445 2427 1075 538 2366 576 444 }
		control = {}
	}
	outgoing = {
		name = "krakow_node"
		path = { 1046 491 661 2401 2748 2165 585 2065 1772 1140 }
		control = {}
	}
	members = {
		353 491 522 539 547 552 558 561 562 563 583 584 588 610 613 615 616 676 678 745
		1042 1043 1046 1047 1844 1947 2027 2045 2061 2064 2070 2080 2096 2116 2122 2131
		2132 2133 2135 2166 2381 2400 2438 2445 4288 5311 5312 5313 5316 5317 5318 5356
		5959
		#New
		5307 5308 5309 5322 5323 5339 5351 5352 5353 5384 5392 5393 5394 5571 5572 5573
		5576 5314 5575 5574 5338 5340 5928 5379 5545 5517 5544 5358 5369 5368 5957 5518
		5543 5388 5601 5354 5355 5385 5389 5390 5391 5395 5396 5397 5514 5546 5513
		5533 5523 5536 5524 5541 5521 5538 5526 5550 5924 5530
		#Wallachia
		5653 5654 5655 5656 5657 5658 5659 5660 5661 5662 5663 5664 5665 5666 5667 5668
		5669 5670 5671 5672 5673 5674 5675 5676 5677 5678 5679 5680 5681 5682 5683 5684
		5685 5686 5687 5688 5689 5690 5691 5692 5693 5694 5695 5696 5697 5698 5699 5700
	}
}

budapest_node = {
	location = 444
	color = { 152 85 92 }
	inland=yes
	outgoing = {
		name = "krakow_node"
		path = { 2361 1967 476 2227 2127 2224 }
		control = {}
	}
	members = {
		384 399 437 438 440 441 442 444 445 447 448 449 450 451 452 453 454 455 456 457
		458 459 460 471 472 476 478 479 508 509 512 513 514 538 554 576 577 739 847 1015
		1035 1075 1076 1078 1085 1185 1789 1811 1832 1966 1967 1968 1969 1970 1973 2031
		2065 2068 2069 2072 2073 2074 2125 2126 2127 2128 2225 2227 2228 2229 2331 2350
		2351 2352 2353 2354 2356 2357 2358 2359 2361 2362 2363 2364 2366 2369 2370 2427
		2428 2434 2441 2497 2624 2653 2797 2853 2930 4119
		#New
		660 2429 510 2167 661 2165 585 587 602 2396 2630 2800 675 2401 2748 5915 5918
		5588 5917 636 5589 5592 5591 5594 5595 5598 5590 5585 5584 5580 5579 5578
		2020 2207 2840 2918 5398 2192 799 756 398 2946 5508 5507 5509 5497 5496 5664
		5600 712 5399 5403 5402 5406 5547 5404 5401 5432 5405 5407 5400 5411 5408 5409
		5410 5484 5593 2928 5596 5597 5582 5583 5586 5587 2834 5916 5500 5499 5498 5495
		5463 5464 5469 5471 5470 5472 5454 5455 5468 5467 5465 5466 5462 5456 5461 5460
		5459 5457 5458 5501 995 5502 5503 5504 5505 5510 5923 5506 5473 5475 5474 5494
		5493 5489 5487 5490 5492 5491 5476 5486 5488 5483 5482 5477 5481 5480 5478 5479
		4891 4888 4887 4889 4890
	}
}

lippstadt_node = {
	location = 279
	color = { 255 211 241 }
	inland=yes
	outgoing = {
		name = "hamburg_node"
		path = { 2616 879 154 2988 1854 381 148 1335 }
		control = {}
	}
	outgoing = {
		name = "antwerp_node"
		path = { 2508 2505 1809 162 2501 156 2409 1856 95 1672 }
		control = {}
	}
	outgoing = {
		name = "hannover_node"
		path = { 2399 2512 2155 2219 2230 }
		control = {}
	}
	members = {
		4 7 26 39 40 56 82 121 135 141 146 147 158 162 260 261 270 277 279 280 316 377
		705 865 866 867 876 877 879 927 931 935 940 1107 1203 1318 1809 1853 1935 1936
		1937 1940 1953 1954 1985 2130 2155 2378 2399 2466 2469 2490 2491 2493 2501 2504
		2505 2506 2508 2512 2520 2541 2616 2691 2972 2973 2998 2999 3192 4110
	}
}

prague_node = {
	location = 781
	color = { 181 159 60 }
	inland=yes
	outgoing = {
		name = "leipzig_node"
		path = { 782 808 2860 810 2806 2835 1228 2851 376 232 }
		control = {}
	}
	outgoing = {
		name = "danzig_node"
		path = {}
		control = {}
	}
	outgoing = {
		name = "berlin_node"
		path = { 2861 2846 2842 2805 834 1190 468 463 2640 2652 }
		control = {}
	}
	members = {
		288 301 307 416 755 757 760 768 775 776 778 781 782 785 792 795 803 806 808 810
		812 813 815 816 817 818 819 820 822 826 1971 2202 2206 2414 2660 2663 2814 2815
		2817 2820 2821 2822 2823 2825 2826 2831 2832 2836 2837 2838 2841 2842 2844 2846
		2847 2848 2859 2860 2861 2863 2866 2867 2869 2870 2871 2872 2876 2877 2878 2883
		2893 2895 2904 2905 2908 2911 2912 2914 2940 2941 2943 2945 2970 4901 4902
		4903 4904 4905 4906 4907 4908 4909 4910 4911 4912 4915 4918 4919 5130 5131 5132
		5133 5134 5135 5136 5137 5138 5139 5140 5141 5142 5143 5144 5145 5146 5147 5148
		5149 5150 5151 5152 5153 5154 5927 5954
	}
}

leipzig_node = {
	location = 232
	color = { 155 147 180 }
	inland=yes
	outgoing = {
		name = "hannover_node"
		path = { 2926 371 2646 1032 434 140 2230 }
		control = {}
	}
	outgoing = {
		name = "berlin_node"
		path = { 2926 2965 252 2857 2929 59 2640 2652 }
		control = {}
	}
	members = {
		61 206 207 221 222 224 229 230 231 232 240 244 245 246 248 249 250 251 252 372
		373 374 375 376 502 741 747 829 831 1226 1228 1232 1749 1750 2323 2416 2803 2804
		2806 2807 2809 2811 2835 2851 2852 2857 2858 2879 2884 2889 2890 2926 2929 2931
		2937 2939 2965 4118 4120
	}
}

hannover_node = {
	location = 2230
	color = { 164 217 127 }
	inland=yes
	outgoing = {
		name = "hamburg_node"
		path = { 1831 382 2971 379 364 628 1335 }
		control = {}
	}
	members = {
		52 81 138 140 143 144 152 153 154 155 223 226 370 371 382 408 430 434 842 848 852
		878 1032 1055 1204 1205 1747 1773 1775 1827 1831 1855 1982 2154 2219 2230 2314
		2628 2629 2644 2645 2646 2647 2648 2694 2736 2741 2774 2794 2874 2899 2925 2938
		2971 3002 3003 3202 3204 3222 4131
	}
}

hamburg_node = {
	location = 1335
	color = { 227 95 7 }
	outgoing = {
		name = "lubeck_node"
		path = { 1084 362 1874 1607 }
		control = {}
	}
	members = {
		15 54 55 100 116 148 254 286 348 362 364 379 381 413 414 417 429 462 625 628 629
		764 875 907 908 1027 1029 1084 1233 1238 1335 1765 1766 1849 1854 1857 1864 1925
		1931 1990 2007 2203 2204 2205 2210 2212 2213 2215 2217 2317 2319 2382 2383 2627
		2690 2696 2704 2746 2750 2827 2976 2988 3000 3194 3218 5225 5226 5227 5228 5229
		5231 5234 5235 5236 5241 5245 5270 5272 5273 5274 5926
	}
}

berlin_node = {
	location = 2652
	color = { 123 90 90 }
	inland=yes
	outgoing = {
		name = "danzig_node"
		path = { 2662 50 2635 2661 2783 2795 43 2790 402 }
		control = {}
	}
	outgoing = {
		name = "lubeck_node"
		path = { 2634 845 746 2310 854 1607 }
		control = {}
	}
	members = {
		48 49 50 59 233 234 239 241 242 263 304 406 410 463 468 589 626 746 827 828 834
		835 838 839 843 845 858 859 860 880 881 882 883 889 1190 1755 1778 1858 1861 1956
		2009 2197 2198 2199 2201 2208 2417 2442 2492 2507 2631 2634 2635 2636 2638 2640
		2642 2649 2650 2652 2661 2662 2664 2666 2805 2833 2923 2933 2934 2935 3016 3017
		3018 3019 3020 3205 3207 3209 3210 3211 3212 3213 3214 4804 4805 4807 4808 4809
		4810 4811 4814 4916 4917 5263 5264
	}
}

krakow_node = {
	location = 608
	color = { 215 48 48 }
	inland=yes
	outgoing = {
		name = "turov_node"
		path = { 2626 4249 4250 4283 4247 4282 }
		control = {}
	}
	members = {
		97 145 308 329 409 604 608 620 633 766 961 965 1077 1140 1149 1772 1962 2016 2017
		2195 2196 2224 2244 2282 2300 2311 2415 2419 2500 2517 2618 2626 2633 2637 2738
		2763 2799 3004 3005 3006 3007 3008 3010 3011 3012 3013 3014 3015 4033 4913 4914
		5485 5962 5963 5964 5969 5971 5972 5973 5986 5987 5988 5989 5990 5997 5999 6000
		#New
		5705 5706 5707 5708 5943 5944 5945 5946 5965 5966 5967 5968 5970 5974 5975 5976
		5977 5978 5979 5980 5981 5982 5983 5984 5985
		#Moldavia
		5602 5603 5604 5605 5606 5607 5608 5609 5610 5611 5612 5613 5614 5615 5616 5617
		5618 5619 5620 5621 5622 5623 5624 5625 5626 5627 5628 5629 5630 5631 5632 5633
		5634 5635 5636 5637 5638 5639 5640 5641 5642 5643 5644 5645 5646 5647 5648 5649
		5650 5651 5652
	}
}

turov_node = {
	location = 4282
	color = { 132 160 94 }
	inland=yes
	outgoing = {
		name = "riga_node"
		path = { 4239 4267 1939 2551 1152 420 2843 2868 712 }
		control = {}
	}
	members = {
		4235 4236 4237 4238 4239 4240 4241 4242 4243 4245 4246 4247 4248 4249 4250
		4251 4252 4253 4254 4255 4256 4257 4258 4259 4260 4261 4262 4263 4264 4265 4266
		4267 4268 4269 4270 4271 4272 4273 4274 4276 4277 4278 4279 4280 4281 4282 4283
		4284 4285 4289 4290 4291 4292 5704 5902
		#New
		3239 3240 3286 3287 3288 3289 3290 3291 3292 3293 3294 3295 3296 3297 3298 3299
		3300 3301 3302 3303 3304 3305 3306 3307 3308 3309 3315 3317 3318 3322 3323 3324
		3325 3326 3327 3328 3329 3330 3331 3339 3346 3347 3348 3349 3350 3351 3352 3353
		3354 3355 3356 3365 3367 3368 3369 3370 3371 3372 3374 3390 3391 3392 3393 3394
		3395 3396 3397 3973 5703 5897 5898 5899 5900 5904 5961
	}
}

danzig_node = {
	location = 402
	color = { 78 129 151 }
	outgoing = {
		name = "lubeck_node"
		path = { 2789 1591 1469 1599 1606 1607 }
		control = {}
	}
	outgoing = {
		name = "riga_node"
		path = { 4854 386 2221 2855 2862 397 712 }
		control = {}
	}
	members = {
		43 53 380 402 412 593 607 706 850 1138 1207 1210 1213 1217 1218 1223 1224 1993 2266
		2301 2302 2304 2307 2494 2632 2658 2756 2757 2758 2759 2760 2761 2764 2765 2767
		2768 2769 2770 2772 2779 2783 2785 2789 2790 2795 4052 4275 4812 4813 4815 4816
		4817 4818 4819 4820 4821 4822 4823 4824 4826 4827 4844 4845 4846 4847 4848 4849
		4850 4851 4859 4861 5246 5247 5248 5249 5250 5251 5252 5254 5255 5256 5257 5258
		5259 5260 5261 5262 5907 5925 5933 5934 5935 5936 5937 5938 5939 5940 5941 5942
		#new
		5253 5905 5906 5908 5909 5910 5911 5912 5913 5914 5991 5992 5993 5994 5995 5996
		5998
	}
}

riga_node = {
	location = 5793
	color = { 243 236 244 }
	outgoing = {
		name = "lubeck_node"
		path = { 1465 1466 1467 1586 1468 1597 1584 1608 1592 1607 }
		control = {}
	}
	members = {
		3319 4825 4828 4829 4830 4831 4832 4833 4834 4835 4836 4837 4838 4839 4840 4841 4842
		4843 4852 4853 4854 4855 4857 4858 4860 5709 5710 5711 5712 5713 5714 5718 5715 5716
		5717 5719 5720 5721 5722 5723 5724 5725 5726 5727 5728 5729 5730 5731 5732 5733 5734
		5735 5736 5737 5738 5739 5740 5741 5742 5744 5745 5746 5748 5749 5750 5751 5752 5753
		5754 5755 5756 5757 5758 5759 5760 5761 5762 5763 5764 5765 5766 5767 5768 5769 5770
		5771 5772 5773 5774 5775 5776 5777 5778 5779 5780 5781 5782 5783 5784 5785 5786 5787
		5788 5789 5790 5791 5792 5793 5794 5795 5796 5797 5798 5799 5800 5801 5802 5803 5804
		5805 5806 5807 5808 5809 5810 5811 5812 5813 5814 5815 5816 5817 5818 5819 5820 5821
		5822 5823 5824 5825 5826 5827 5829 5830 5840 5841 5952 
		#New
		3320 3321 5743 5747 5901 5903
	}
}

bordeaux_node = {
	location = 1363
	color = { 81 30 243 }
	outgoing = {
		name = "tours_node"
		path = { 1266 710 1229 2489 }
		control = {}
	}
	members = {
		322 681 710 736 758 774 780 814 825 832 836 1222 1258 1272 1273 1274 1276 1277
		1278 1279 1280 1281 1282 1363 1767 2162 2169 2289 2324 2423 2776 2780 2787 2796
		2801 2802 2816 2849 2900 2909 2910 4044 4054 4057 4059 4062 4064 4066 4067 4068
		4069 4070 4072 4074 4075 4077 4088 4089 4090 4095 4096 4099 4100 4101 4102 4103
		4104 4106 4107 4108 4109 4498 4499 4500
	}
}

tours_node = {
	location = 2489
	color = { 126 124 226 }
	inland=yes
	outgoing = {
		name = "champagne_node"
		path = { 2088 2818 2824 4035 1264 1306 183 }
		control = {}
	}
	outgoing = {
		name = "dublin_node"
		path = { 2163 1166 4078 936 1372 1397 1359 1376 1373 }
		control = {}
	}
	members = {
		136 397 672 688 798 805 809 868 936 1091 1151 1164 1165 1166 1167 1168 1169 1170
		1171 1174 1175 1177 1183 1191 1216 1229 1255 1265 1266 1267 1289 1290 1290 1948
		2003 2059 2063 2067 2088 2121 2163 2173 2177 2294 2489 2818 2824 2856 2864
		2868 2887 2913 2919 2949 4042 4078 4079 4080 4081 4087 4091 4092 4093 4097 4098
		4105 4121 4488 4489 4490 4491 4492 4493 4494 4496 4497
	}
}

champagne_node = {
	location = 183
	color = { 95 24 226 }
	inland=yes
	outgoing = {
		name = "antwerp_node"
		path = { 4025 1161 91 92 90 1672 }
		control = {}
	}
	members = {
		142 183 314 390 419 548 694 748 750 751 753 754 793 807 811 918 1097 1099 1100 1172
		1194 1197 1199 1200 1201 1214 1252 1253 1254 1256 1257 1259 1264 1287 1288 1306
		1792 1901 1957 2156 2471 2540 2762 2766 2784 2875 2886 2897 2927 2948 2960 4020
		4021 4022 4023 4024 4025 4031 4035 4049 4051 4060 4082 4083 4084 4085 4495 5702
	}
}

dublin_node = {
	location = 1391
	color = { 6 127 2 }
	outgoing = {
		name = "london_node"
		path = { 2452 2448 2242 424 2258 1145 986 2272 2268 }
		control = {}
	}
	members = {
		28 102 108 127 150 247 258 266 282 324 333 338 345 349 393 405 422 426 542 572
		574 575 579 641 643 662 664 667 674 721 772 773 837 841 853 855 856 857 861 862
		885 887 891 921 978 1039 1040 1044 1067 1101 1105 1114 1373 1374 1376 1377 1388
		1389 1390 1391 1439 1440 1751 1756 1777 1823 1865 1876 1998 2026 2083 2209 2239
		2242 2267 2285 2293 2305 2308 2312 2321 2327 2345 2360 2372 2373 2375 2413 2448
		2452 2465 2495 2496 2533 2548 2614 2617 2619 2622 2625 2668 2681 2712 2715 2737
		2775 2781 2798 2959 2989 3001 3190 3200 4698 4699 4700 4701 4702 4703 4704 4705
		4706 4707 4708 4709 4710 4711 4712 4713 4714 4715 4716 4717 4718 4719 4720 4721
		4722 4723 4724 4725 4726 4727 4728 4729 4730 5114 5201 5202 5203 5204 5205 5206
		5207
	}
}

london_node = {
	location = 2268
	color = { 202 26 26 }
	outgoing = {
		name = "antwerp_node"
		path = { 1734 1675 1674 1672 }
		control = {}
	}
	members = {
		21 22 83 85 118 212 320 396 421 424 477 495 497 498 627 634 695 696 722 783 786
		790 846 884 916 923 933 963 986 1110 1113 1125 1132 1133 1139 1145 1162 1242 1796
		1799 1838 1842 1997 2004 2005 2107 2115 2141 2143 2170 2188 2238 2240 2247 2250
		2256 2258 2261 2268 2272 2274 2295 2439 2461 2470 2481 2499 2535 2564 2566 2571
		2591 2592 2596 2609 2611 2621 2651 2689 4227 4683 4684 4685 4686 4687 4688 4689
		4690 4691 4692 4693 4694 4695 4696 4697 5209 5210 5211 5212 5213 5214 5215 5216
		5217 5218 5219 5220 5221
	}
}

antwerp_node = {
	location = 1672
	color = { 118 193 153 }
	members = {
		90 91 92 95 98 99 156 255 257 262 317 325 326 327 328 330 332 407 418 635 892
		896 897 929 930 934 1056 1057 1090 1161 1248 1672 1846 1856 1866 2221 2299 2306
		2409 2478 2509 2527 2538 2539 2729 2855 2888 2975 3195 3196 3197 5701 5948 5949
		5950
	}
	end = yes
}

lubeck_node = {
	location = 1607
	color = { 156 179 189 }
	members = {
		12 13 14 45 170 243 360 361 363 365 378 411 415 654 656 657 658 724 802 823 851 854
		863 864 975 1050 1231 1607 1794 1795 1802 1807 1810 1850 1852 1874 1934 1950 1983 1987
		1991 1994 2078 2200 2232 2303 2309 2310 2313 2315 2316 2320 2384 2389 2410 2498 2578
		2606 2615 2623 2641 2643 2657 2667 2697 2698 2699 2700 2730 2731 2808 2812 2961 2996
		4130 5222 5223 5224 5230 5232 5233 5237 5238 5239 5240 5242 5243 5244 5265 5266 5267
		5268 5271 5276 5277 6044 6045 6046 6047 6130 6131
	}
	end = yes
}